               0               6
               1
               1               5    4.000000e-03
               1               1               0               0    2.500000e-02    0.000000e+00    4.000000e-02               0               0
               1               0              -1               0    0.000000e+00   -2.500000e-02    4.000000e-02               0               0
               1               0               1               0    0.000000e+00    2.500000e-02    4.000000e-02               0               0
               1               0               0               1    0.000000e+00    0.000000e+00    8.000000e-02               0               0
               1               0               0              -1    0.000000e+00    0.000000e+00    0.000000e+00               0               0

               1
               2               5    4.000000e-03
               1               0               1               0    0.000000e+00    2.500000e-02    4.000000e-02               0               0
               1               1               0               0    2.500000e-02    0.000000e+00    4.000000e-02               0               0
               1              -1               0               0   -2.500000e-02    0.000000e+00    4.000000e-02               0               0
               1               0               0               1    0.000000e+00    0.000000e+00    8.000000e-02               0               0
               1               0               0              -1    0.000000e+00    0.000000e+00    0.000000e+00               0               0

               1
               3               5    4.000000e-03
               1              -1               0               0   -2.500000e-02    0.000000e+00    4.000000e-02               0               0
               1               0              -1               0    0.000000e+00   -2.500000e-02    4.000000e-02               0               0
               1               0               1               0    0.000000e+00    2.500000e-02    4.000000e-02               0               0
               1               0               0               1    0.000000e+00    0.000000e+00    8.000000e-02               0               0
               1               0               0              -1    0.000000e+00    0.000000e+00    0.000000e+00               0               0

               1
               4               5    4.000000e-03
               1               0              -1               0    0.000000e+00   -2.500000e-02    4.000000e-02               0               0
               1               1               0               0    2.500000e-02    0.000000e+00    4.000000e-02               0               0
               1              -1               0               0   -2.500000e-02    0.000000e+00    4.000000e-02               0               0
               1               0               0               1    0.000000e+00    0.000000e+00    8.000000e-02               0               0
               1               0               0              -1    0.000000e+00    0.000000e+00    0.000000e+00               0               0

               1
               5               5    2.500000e-03
               1               0               0               1    0.000000e+00    0.000000e+00    8.000000e-02               0               0
               1               1               0               0    2.500000e-02    0.000000e+00    4.000000e-02               0               0
               1              -1               0               0   -2.500000e-02    0.000000e+00    4.000000e-02               0               0
               1               0               1               0    0.000000e+00    2.500000e-02    4.000000e-02               0               0
               1               0              -1               0    0.000000e+00   -2.500000e-02    4.000000e-02               0               0

               1
               6               5    2.500000e-03
               1               0               0              -1    0.000000e+00    0.000000e+00    0.000000e+00               0               0
               1               1               0               0    2.500000e-02    0.000000e+00    4.000000e-02               0               0
               1              -1               0               0   -2.500000e-02    0.000000e+00    4.000000e-02               0               0
               1               0               1               0    0.000000e+00    2.500000e-02    4.000000e-02               0               0
               1               0              -1               0    0.000000e+00   -2.500000e-02    4.000000e-02               0               0

