               0               6
               1
               1               5    8.100000e-06
               1               1               0               0    4.500000e-03    0.000000e+00    4.500000e-04               0               0
               1               0              -1               0    0.000000e+00   -4.500000e-03    4.500000e-04               0               0
               1               0               1               0    0.000000e+00    4.500000e-03    4.500000e-04               0               0
               1               0               0               1    0.000000e+00    0.000000e+00    9.000000e-04               0               0
               1               0               0              -1    0.000000e+00    0.000000e+00    0.000000e+00               0               0

               1
               2               5    8.100000e-06
               1               0               1               0    0.000000e+00    4.500000e-03    4.500000e-04               0               0
               1               1               0               0    4.500000e-03    0.000000e+00    4.500000e-04               0               0
               1              -1               0               0   -4.500000e-03    0.000000e+00    4.500000e-04               0               0
               1               0               0               1    0.000000e+00    0.000000e+00    9.000000e-04               0               0
               1               0               0              -1    0.000000e+00    0.000000e+00    0.000000e+00               0               0

               1
               3               5    8.100000e-06
               1              -1               0               0   -4.500000e-03    0.000000e+00    4.500000e-04               0               0
               1               0              -1               0    0.000000e+00   -4.500000e-03    4.500000e-04               0               0
               1               0               1               0    0.000000e+00    4.500000e-03    4.500000e-04               0               0
               1               0               0               1    0.000000e+00    0.000000e+00    9.000000e-04               0               0
               1               0               0              -1    0.000000e+00    0.000000e+00    0.000000e+00               0               0

               1
               4               5    8.100000e-06
               1               0              -1               0    0.000000e+00   -4.500000e-03    4.500000e-04               0               0
               1               1               0               0    4.500000e-03    0.000000e+00    4.500000e-04               0               0
               1              -1               0               0   -4.500000e-03    0.000000e+00    4.500000e-04               0               0
               1               0               0               1    0.000000e+00    0.000000e+00    9.000000e-04               0               0
               1               0               0              -1    0.000000e+00    0.000000e+00    0.000000e+00               0               0

               1
               5               5    8.100000e-05
               1               0               0               1    0.000000e+00    0.000000e+00    9.000000e-04               0               0
               1               1               0               0    4.500000e-03    0.000000e+00    4.500000e-04               0               0
               1              -1               0               0   -4.500000e-03    0.000000e+00    4.500000e-04               0               0
               1               0               1               0    0.000000e+00    4.500000e-03    4.500000e-04               0               0
               1               0              -1               0    0.000000e+00   -4.500000e-03    4.500000e-04               0               0

               1
               6               5    8.100000e-05
               1               0               0              -1    0.000000e+00    0.000000e+00    0.000000e+00               0               0
               1               1               0               0    4.500000e-03    0.000000e+00    4.500000e-04               0               0
               1              -1               0               0   -4.500000e-03    0.000000e+00    4.500000e-04               0               0
               1               0               1               0    0.000000e+00    4.500000e-03    4.500000e-04               0               0
               1               0              -1               0    0.000000e+00   -4.500000e-03    4.500000e-04               0               0

